
0  -1
1  1501
2  -1
3  -1
4  -1
5  819
6  -1
7  -1
8  -1
9  -1
10  1464
11  1873
12  -1
13  1478
14  0
15  1369
16  16
17  1900
18  1211
19  119
20  -1
21  -1
22  -1
23  -1
24  -1
25  -1
26  -1
27  -1
28  -1
29  -1
30  -1
31  -1
32  -1
33  1900
34  -1
35  -1
36  -1
37  1902
38  1901
39  -1
40  899
41  -1
42  782
43  1170
44  700
45  -1
46  53
47  1452
48  -1
49  1594
50  -1
51  -1
52  -1
53  -1
54  -1
55  -1
56  -1
57  -1
58  -1
59  -1
60  -1
61  1439
62  -1
63  1361
64  -1
65  1900
66  1439
67  -1
68  -1
69  -1
70  1292
71  1360
72  1672
73  -1
74  141
75  1433
76  991
77  487
78  1643
79  1172
80  1365
81  -1
82  -1
83  1901
84  1901
85  -1
86  -1
87  -1
88  -1
89  -1
90  -1
91  -1
92  -1
93  -1
94  -1
95  -1
96  1563
97  -1
98  -1
99  1516
100  -1
101  -1
102  -1
103  -1
104  -1
105  -1
106  -1
107  1895
108  -1
109  -1
110  1904
111  -1
112  -1
113  -1
114  1901
115  -1
116  1359
117  1899
118  1906
119  1897
120  1899
121  -1
122  1904
123  -1
124  -1
125  -1
126  -1
127  -1
128  -1
129  -1