1370 1790
0 165
1 1289
1 620
1 1285
1 253
2 168
3 1066
4 116
5 792
5 1001
5 435
6 1316
6 661
6 286
7 196
8 761
10 623
11 709
13 969
15 1216
15 503
16 730
17 10
18 897
18 541
19 195
19 332
21 1155
22 1303
23 165
23 254
24 1004
25 51
28 594
28 1067
32 989
32 1174
34 297
34 1037
35 1122
36 159
37 894
38 763
40 825
41 369
42 1165
44 216
47 977
47 869
47 937
49 905
49 1338
49 935
49 1181
49 1249
50 286
52 656
55 863
56 1048
56 1098
57 1193
57 724
59 1302
61 1306
62 344
63 634
63 1348
65 816
65 320
65 1352
65 316
67 98
67 503
68 83
68 1343
70 395
71 120
71 1004
73 656
74 1346
75 713
76 370
76 383
77 144
77 400
78 1241
79 89
79 101
79 497
80 691
81 153
81 1195
82 91
84 1365
85 960
86 448
87 1041
87 795
88 1297
88 858
88 443
89 199
90 413
90 982
91 1079
92 1114
92 851
92 250
93 854
95 873
96 1033
96 779
96 374
96 191
97 940
97 997
99 105
100 536
100 1245
101 1274
101 302
102 1153
102 1145
102 301
102 357
104 959
106 32
106 1009
106 122
107 790
108 646
109 231
111 994
111 212
113 200
115 994
116 567
117 24
117 323
117 611
117 491
118 1090
118 575
119 276
121 1052
122 225
122 774
123 1070
124 1264
124 817
127 299
127 405
127 519
128 909
128 551
129 880
129 585
130 763
130 652
131 624
131 108
133 900
133 261
134 464
134 1145
135 860
136 561
136 908
136 1295
137 1352
138 408
138 190
138 1366
138 359
139 1096
139 889
139 99
140 1177
140 602
141 696
141 1247
141 359
142 1080
142 595
145 1240
145 1132
147 961
148 98
150 382
151 56
151 993
151 697
153 296
153 401
154 297
154 1090
154 754
156 1077
156 142
157 474
158 945
159 0
160 959
161 133
162 480
162 154
162 1163
162 498
163 345
163 1047
164 626
165 356
165 647
167 132
170 930
170 42
170 565
172 855
173 989
173 1086
174 30
174 1101
174 942
174 215
175 124
175 150
176 1293
176 823
177 896
177 865
177 795
177 1036
178 966
178 1022
179 259
179 372
180 64
180 1222
181 584
182 1114
183 571
183 774
184 430
186 56
186 129
186 1151
187 843
187 526
187 647
188 623
188 556
188 1349
188 919
189 215
191 740
191 901
192 901
194 1113
195 707
196 19
196 303
198 1193
198 107
200 253
203 1113
203 732
203 693
203 654
204 878
205 233
206 166
207 924
207 709
209 1273
209 562
211 454
212 815
212 1269
212 1295
214 16
214 403
214 765
215 231
215 383
216 1281
216 690
216 537
217 113
217 1100
218 184
221 932
223 55
224 8
224 815
226 846
227 897
230 363
231 338
232 1161
232 597
233 1212
235 142
235 415
236 97
236 1225
237 116
238 275
238 1348
238 637
238 723
238 189
239 547
239 1021
239 887
240 113
240 311
240 167
242 331
242 59
242 837
242 302
242 1011
243 607
244 504
245 984
247 513
249 962
249 39
250 1266
253 1087
256 328
258 32
258 323
258 1053
259 882
261 1309
262 121
264 872
264 1212
265 1337
265 763
265 1132
265 1134
269 573
269 70
271 837
272 775
274 310
274 1278
274 407
275 1147
276 1069
277 504
278 1235
278 662
279 16
280 42
280 548
281 663
282 459
290 228
292 174
293 232
293 1287
294 1278
295 219
296 291
296 387
296 565
297 1120
297 991
299 509
300 364
301 906
302 1162
302 1092
302 1005
305 87
305 59
305 455
306 215
307 590
308 892
309 810
309 434
309 1126
310 1035
310 902
310 518
311 711
312 377
313 932
315 752
316 1232
317 141
318 533
318 990
319 858
320 330
322 153
324 586
325 285
327 738
327 267
328 921
328 1165
328 1071
329 633
329 698
329 870
330 1004
330 741
332 1354
333 1032
333 663
335 464
336 1283
336 4
336 615
337 1105
337 1051
338 724
339 595
340 1287
341 1097
342 850
343 582
344 905
344 365
344 430
346 408
346 68
347 184
347 755
347 631
348 363
350 1089
350 1165
351 1063
352 1193
353 1193
354 841
354 1258
355 1001
355 371
355 1189
356 1215
357 735
358 1009
359 2
359 124
361 130
361 971
363 700
365 45
368 821
368 1199
369 1278
370 410
370 894
371 489
371 1201
371 439
371 998
371 287
372 865
372 355
372 1290
372 657
372 182
372 56
373 571
374 894
374 783
375 778
375 219
375 790
376 1043
376 585
376 995
378 382
379 1215
379 263
380 1268
380 774
382 427
382 972
384 624
384 3
386 640
387 880
388 952
389 112
390 704
390 977
390 1197
390 533
391 564
391 1295
392 377
392 666
395 1234
396 490
396 942
398 663
399 1195
401 764
401 437
401 871
403 1140
403 47
405 1214
405 511
408 1125
409 626
409 115
410 696
410 474
411 179
411 780
411 1117
412 348
412 1345
412 820
412 1238
413 964
414 944
414 827
414 1330
414 1363
415 1150
416 244
417 642
417 901
419 17
421 26
421 230
423 279
426 1351
427 1003
428 120
429 242
430 920
432 918
432 1142
433 1098
433 219
434 1026
434 7
435 1360
436 1143
438 1081
438 546
438 485
439 123
439 659
440 371
440 927
440 415
442 1274
445 542
446 664
446 1117
446 854
447 392
447 825
447 489
448 1170
448 867
450 1328
450 77
450 558
452 819
452 164
456 137
456 395
459 437
461 733
461 854
462 1184
462 466
462 964
463 1212
464 404
467 346
468 669
469 1224
470 1089
472 609
473 985
473 1077
474 794
474 1147
474 700
476 761
478 65
478 157
478 1077
479 488
479 826
479 1356
479 861
479 855
480 129
480 277
482 716
482 277
486 1191
487 950
488 1220
489 35
489 996
490 569
490 678
494 676
494 797
494 45
495 616
495 105
495 579
496 208
497 426
498 1121
498 42
499 1162
499 491
499 989
500 514
502 1051
503 3
504 473
504 865
505 116
506 691
508 372
508 654
508 983
509 165
511 978
511 1220
512 832
515 370
516 1297
517 986
519 472
519 975
521 604
522 812
524 1088
524 268
525 453
525 759
526 976
527 849
528 104
528 98
529 817
529 589
530 386
530 466
531 1139
532 893
532 1158
532 1199
534 1216
534 277
534 158
535 897
537 212
539 385
539 422
540 221
540 885
541 1014
542 695
543 458
543 1156
543 238
544 1135
545 104
546 379
548 353
548 764
549 393
549 1113
550 602
550 388
551 456
551 140
552 152
552 281
553 345
553 410
553 644
553 135
554 724
554 781
554 437
555 440
555 581
557 1032
559 760
559 735
560 386
560 6
561 842
562 878
563 1290
564 631
564 55
566 161
566 814
568 989
569 833
570 289
570 866
570 726
571 1082
572 164
573 1304
573 469
574 1265
574 1313
574 103
576 236
576 21
576 127
577 258
577 780
577 234
577 479
578 1236
578 254
579 1245
579 1006
580 897
580 422
581 556
582 813
582 1141
583 1042
586 147
587 1180
587 286
588 481
588 748
589 483
590 760
590 1291
590 283
591 928
592 1153
592 949
592 439
593 113
593 331
593 685
594 123
594 439
594 1351
595 1027
595 255
596 1057
596 778
596 212
596 821
597 198
598 2
598 356
599 994
599 651
599 468
601 3
601 271
602 361
604 1152
604 915
606 1029
606 1238
607 602
607 114
610 713
610 667
610 951
611 860
611 774
611 839
612 688
612 1137
613 233
613 1307
613 910
615 160
615 945
616 946
617 40
618 1336
619 641
619 1076
619 1166
619 46
619 1007
620 396
620 1005
620 1326
620 20
620 526
620 1048
620 538
621 373
623 488
623 1085
623 893
624 506
624 815
628 370
629 659
630 364
631 811
631 101
631 1047
632 1173
632 1086
633 524
634 420
634 1047
635 1084
635 1127
638 779
639 493
639 1005
640 939
640 15
641 595
641 998
642 171
642 36
642 542
643 1044
644 213
644 837
644 527
645 459
646 1067
646 892
647 729
647 1075
648 226
649 552
649 1153
650 1348
651 1146
651 1332
652 257
652 671
654 589
657 1337
658 1035
658 990
658 127
659 989
659 1006
661 1006
662 287
663 1209
663 1197
663 509
663 726
663 41
664 305
664 42
664 1235
664 396
666 232
666 534
669 1048
670 513
672 645
673 960
673 1177
673 309
674 137
674 805
675 776
675 1361
675 1047
676 728
677 618
678 177
678 1017
679 429
680 711
681 680
681 274
681 195
682 487
683 75
686 27
686 301
687 1352
687 522
687 571
687 133
688 1065
690 113
691 432
691 693
694 825
694 993
695 720
697 1341
698 440
698 1108
698 358
698 127
699 913
699 671
700 122
700 934
702 1298
704 34
704 869
705 1137
705 221
707 416
707 1320
707 1270
708 358
709 451
710 362
713 1128
716 1100
716 444
716 157
719 481
720 51
720 356
720 622
721 626
722 401
723 71
725 693
726 91
726 101
726 991
727 640
727 1147
727 1158
728 1286
728 878
730 1061
731 70
732 562
732 239
733 1074
733 21
735 88
736 979
736 854
738 472
739 682
741 786
741 324
742 444
742 1358
743 1216
743 490
744 732
745 1130
745 715
747 1
749 1264
749 1241
749 582
751 817
752 314
752 306
754 1116
754 1061
754 142
755 586
755 394
755 661
755 174
755 695
756 354
757 0
758 280
758 837
758 351
760 1328
761 536
763 1178
766 688
768 1185
769 1281
772 861
772 591
774 67
775 124
777 855
778 129
779 218
780 1362
780 37
780 1181
781 682
782 987
783 861
784 265
784 319
786 1160
786 1009
786 871
787 376
788 332
789 617
790 40
790 771
791 428
794 465
794 1207
795 1048
795 1306
795 700
796 882
797 1112
797 84
797 1094
798 38
799 1347
799 859
799 205
799 374
799 29
800 144
800 898
800 283
801 1196
801 915
801 532
803 1128
803 151
803 975
804 839
806 237
806 767
807 332
808 992
809 763
809 836
809 614
809 190
810 252
811 875
811 1175
811 365
811 1015
813 1097
813 1130
814 1141
814 415
815 1010
815 462
816 596
817 1082
819 617
819 1159
819 1271
820 938
821 308
822 293
823 1017
823 196
824 377
824 1038
825 1122
827 774
828 70
828 902
830 1355
830 1182
832 1060
832 268
832 1110
832 623
833 272
833 699
833 996
833 910
834 408
836 399
837 1043
839 776
839 230
840 35
840 412
840 1061
841 583
842 600
842 23
845 787
845 403
846 288
846 1166
847 121
848 721
850 41
850 684
850 516
850 167
850 239
851 1253
852 630
853 1178
853 1044
854 10
855 1229
855 191
856 268
856 989
857 513
857 930
857 570
861 527
863 315
864 171
865 1070
867 1113
867 822
867 793
869 789
869 719
870 225
870 130
870 803
870 98
871 897
872 82
873 319
874 275
875 48
875 843
875 799
877 917
878 248
878 920
878 535
878 1071
879 361
880 1073
881 102
882 870
883 511
884 512
886 1103
886 471
887 91
887 564
887 1023
888 1177
890 1307
891 568
891 635
891 509
893 596
893 1324
893 670
894 665
895 1363
895 860
895 631
896 745
897 537
897 222
898 1268
899 1138
900 549
903 651
903 1212
904 471
905 337
905 866
905 1051
905 878
907 1244
907 967
909 419
909 1365
911 578
911 1198
914 33
914 1307
914 629
914 1321
915 1026
917 474
917 459
920 1337
920 422
921 593
921 794
921 507
921 463
922 540
924 1024
924 1081
924 811
924 100
924 1182
925 987
925 254
926 1169
926 1229
928 444
929 473
929 871
930 1080
930 1322
931 650
933 255
934 300
934 902
935 218
935 196
935 1290
935 1247
937 698
937 762
937 1149
938 738
939 965
940 688
940 275
942 528
942 529
943 1090
944 615
945 1313
947 1222
948 760
951 1181
952 127
953 809
953 372
956 122
956 1298
958 934
962 481
962 196
962 567
963 2
965 200
965 130
965 1338
967 365
967 159
968 777
971 1157
971 1149
974 460
976 62
977 1012
977 434
977 308
977 527
980 1276
980 615
981 497
981 1037
981 1231
982 84
985 808
986 204
987 188
988 784
988 300
990 271
991 750
992 1245
993 1124
994 120
994 1020
996 600
996 842
997 1320
998 19
998 963
999 1240
999 1122
1000 1177
1000 650
1000 172
1001 264
1001 856
1001 1322
1001 344
1002 958
1003 945
1003 420
1003 604
1003 724
1006 1347
1006 172
1006 251
1007 530
1007 575
1008 89
1008 451
1008 1127
1009 213
1011 1037
1011 950
1011 727
1012 474
1012 492
1012 831
1013 424
1013 209
1013 88
1015 1240
1015 1265
1015 556
1015 1078
1017 128
1018 1342
1018 516
1018 1029
1018 374
1019 200
1019 1281
1020 1160
1020 447
1021 164
1022 160
1025 1310
1026 768
1026 263
1027 919
1027 1359
1030 570
1030 565
1033 969
1033 554
1033 1271
1034 714
1035 23
1036 1287
1037 1258
1037 970
1038 59
1038 1211
1039 672
1039 505
1039 1062
1039 110
1041 1018
1041 1269
1041 526
1042 136
1042 1260
1044 202
1045 648
1045 137
1048 541
1049 405
1049 595
1049 1149
1049 366
1049 253
1050 1148
1050 76
1050 319
1051 386
1051 1022
1051 871
1052 1313
1052 830
1053 608
1054 1313
1055 1250
1055 805
1056 1368
1056 1249
1057 273
1057 821
1059 1217
1059 956
1060 286
1061 1153
1061 1051
1061 278
1062 939
1062 1212
1063 156
1064 855
1065 136
1065 1013
1066 605
1067 1059
1068 1267
1068 1198
1068 783
1072 712
1075 594
1076 1217
1077 317
1077 318
1078 998
1082 234
1082 668
1082 1222
1083 999
1084 651
1085 152
1085 922
1086 102
1086 235
1086 158
1086 1047
1086 1048
1086 862
1086 1183
1089 743
1090 944
1090 1065
1091 555
1091 747
1092 1257
1092 15
1093 985
1094 433
1095 1249
1095 1109
1095 193
1096 363
1097 3
1097 342
1099 199
1100 809
1100 90
1100 11
1100 450
1101 1102
1101 30
1102 1333
1102 687
1103 592
1103 693
1106 461
1107 487
1109 261
1111 518
1112 180
1116 921
1116 729
1119 706
1120 949
1124 1080
1124 402
1124 1099
1125 931
1126 1009
1127 301
1127 78
1128 443
1129 465
1129 178
1129 501
1130 926
1131 1240
1132 870
1133 784
1134 664
1134 1277
1134 710
1134 199
1135 743
1135 412
1135 607
1136 745
1136 858
1137 1272
1139 424
1139 257
1139 1101
1140 1038
1141 353
1145 1355
1145 590
1146 761
1147 289
1148 1320
1148 874
1153 832
1154 105
1155 937
1155 630
1159 957
1160 427
1160 652
1160 541
1161 488
1161 276
1162 1150
1162 1303
1163 799
1165 114
1166 418
1168 797
1169 272
1170 1074
1171 1189
1171 663
1172 16
1172 759
1174 618
1174 1259
1174 126
1175 282
1177 1355
1177 310
1179 1100
1180 440
1181 806
1182 196
1183 1331
1183 138
1183 563
1183 111
1184 521
1185 774
1187 59
1188 92
1189 1044
1190 738
1191 1339
1191 935
1192 706
1194 368
1197 229
1198 594
1199 1098
1199 517
1200 20
1200 693
1200 989
1201 1320
1201 1365
1201 53
1202 1040
1202 1293
1204 353
1204 983
1205 607
1207 925
1210 1243
1210 715
1211 1255
1211 975
1212 512
1212 804
1215 827
1216 1138
1216 383
1218 316
1221 979
1221 220
1221 557
1221 1358
1221 87
1222 250
1223 1343
1224 585
1224 735
1225 873
1225 1110
1225 921
1226 524
1228 945
1229 312
1229 379
1230 593
1231 1355
1232 1065
1232 1277
1233 88
1233 115
1234 606
1235 870
1236 1290
1236 1211
1236 1045
1237 1104
1237 1329
1237 269
1237 950
1239 945
1239 418
1239 482
1239 1063
1240 352
1241 168
1241 729
1241 21
1241 1070
1241 159
1242 1328
1242 977
1242 38
1243 1322
1243 1299
1243 1020
1247 1059
1247 927
1249 1315
1249 1039
1249 463
1251 1068
1251 901
1252 970
1254 65
1254 666
1254 815
1255 191
1255 175
1256 892
1257 872
1257 1204
1259 537
1259 534
1260 201
1261 1264
1261 730
1262 240
1263 95
1264 781
1264 190
1265 839
1266 1067
1266 655
1268 609
1268 938
1268 1324
1269 748
1269 589
1269 991
1270 428
1270 892
1271 733
1271 293
1272 394
1275 891
1275 252
1275 1181
1275 934
1275 1349
1276 544
1276 867
1278 1335
1279 400
1279 134
1281 822
1281 1086
1283 1025
1284 1033
1284 1111
1286 138
1287 421
1289 1176
1289 725
1289 383
1290 487
1291 538
1291 1159
1293 451
1294 531
1294 451
1294 389
1295 361
1295 558
1296 1064
1296 1115
1299 1042
1299 1133
1300 523
1300 196
1301 766
1301 1127
1302 827
1302 949
1302 757
1303 394
1303 482
1303 943
1304 1305
1304 782
1305 1043
1305 402
1305 891
1305 620
1306 1041
1307 1196
1307 519
1308 779
1310 913
1310 396
1310 430
1311 730
1311 1231
1312 312
1314 268
1316 493
1318 722
1318 244
1320 624
1320 64
1321 866
1321 995
1322 992
1322 1024
1322 1115
1322 62
1323 226
1324 1036
1325 416
1325 448
1326 954
1327 1266
1327 1055
1328 157
1328 126
1329 1336
1330 1264
1330 767
1331 1185
1331 458
1332 505
1332 1253
1333 545
1333 642
1334 707
1334 854
1335 1296
1336 1010
1336 254
1337 441
1337 931
1340 109
1342 102
1343 870
1345 928
1345 184
1345 1215
1346 1343
1347 376
1347 797
1347 1110
1348 244
1349 920
1349 198
1350 945
1350 43
1350 1309
1350 190
1354 464
1355 649
1355 307
1356 1218
1358 289
1358 42
1358 1263
1359 496
1360 1307
1360 1179
1361 526
1361 1223
1362 1058
1362 979
1366 618
1367 177
1367 620
1367 1069
1367 1038
1369 103
1369 1160
1369 1065
1369 623
1369 308
1369 443
