1369
1367
1364
1357
1353
1350
43
1344
1340
109
1334
1327
1055
1250
1325
1323
1319
1318
722
1317
1314
1312
1311
1308
1301
766
1300
523
1294
389
112
531
1139
1292
1288
1284
1111
1282
1280
1279
134
1275
1262
240
311
1261
1256
1254
1252
1251
1068
1267
1248
1246
1242
1239
1237
269
573
469
1224
1304
782
1305
891
635
1084
568
1329
1104
1233
1230
1228
1227
1226
1221
557
220
1219
1213
1210
1243
1299
1133
1208
1206
1205
1203
1202
1040
1200
1194
368
1192
1190
1188
92
851
1187
1186
1172
1171
1168
1167
1164
1154
1144
1136
1131
1129
501
178
966
1123
1119
706
1118
1107
1106
461
1095
193
1109
1093
1091
747
1
1285
620
1326
954
20
1289
725
1176
555
581
1083
999
1072
712
1056
1368
1054
1050
1148
874
76
1049
366
1046
1034
714
1031
1030
1028
1019
1016
1008
1127
78
1002
958
1000
988
784
265
1134
710
362
981
1231
980
1276
544
1135
974
460
973
968
777
955
953
948
947
941
936
933
929
923
916
914
1321
629
33
912
911
1198
578
1236
1045
648
226
846
288
907
967
1244
904
903
899
895
890
888
886
1103
592
471
884
883
881
879
877
917
876
868
864
857
570
853
852
848
721
847
845
787
844
840
412
820
348
1345
838
835
834
829
828
824
818
807
802
801
532
1199
517
986
204
800
898
798
38
796
791
788
785
773
772
591
928
770
769
758
351
1063
156
280
548
756
354
841
583
1042
1260
201
753
751
749
1241
746
744
742
1358
1263
95
739
737
736
734
731
70
718
717
708
705
703
702
701
694
692
689
686
27
683
75
681
274
407
680
711
679
429
242
1011
727
1158
677
675
1361
1223
674
805
673
309
1126
810
252
660
658
653
643
639
638
636
632
1173
628
627
625
621
373
619
1007
530
1166
418
46
1076
641
613
612
1137
1272
610
951
667
713
603
601
599
468
669
651
1332
1253
1146
598
588
587
1180
580
577
479
1356
1218
826
258
1053
608
576
236
1225
873
319
97
997
940
688
574
103
572
566
814
161
560
6
1316
493
559
553
135
644
550
388
952
543
238
189
723
71
637
275
1156
539
385
525
759
453
520
515
370
410
510
508
502
500
514
499
495
579
616
946
494
676
728
1286
486
1191
1339
484
478
65
316
1232
1277
320
330
741
324
786
816
477
476
475
470
467
346
68
83
457
452
819
449
446
664
305
87
455
445
442
438
485
546
436
1143
431
425
423
279
417
414
1363
1330
411
1117
780
37
1362
979
1058
179
372
182
1114
657
355
1189
1044
202
259
882
409
115
406
398
397
391
390
704
34
1037
970
1258
384
381
380
1268
938
378
375
367
360
350
1089
743
349
347
755
661
586
147
961
343
582
1141
813
341
1097
342
850
167
132
684
340
339
336
4
1283
1025
1310
396
490
678
177
795
896
745
715
1130
926
1169
569
833
910
699
913
272
775
335
334
333
1032
329
633
524
1088
327
267
738
326
325
285
322
321
313
304
298
295
294
292
174
942
529
528
1101
1102
687
133
261
1309
900
549
393
522
812
1333
642
542
695
720
622
36
159
171
545
104
30
290
228
284
270
266
262
121
1052
830
260
256
328
249
39
962
247
246
245
984
243
607
241
227
224
8
761
223
217
214
765
403
47
869
719
481
789
617
977
1012
831
492
434
7
1140
1038
1211
1255
175
150
382
972
59
1302
757
0
16
730
211
454
210
207
924
1182
100
536
1081
206
166
203
654
732
239
887
1023
564
631
811
1175
282
1015
1078
1265
875
48
55
863
315
752
306
215
231
338
314
1021
164
626
547
197
194
192
187
843
186
1151
185
183
571
181
584
176
823
1017
128
551
140
602
1177
310
518
1035
456
395
1234
606
1238
137
1352
909
419
17
1293
173
170
930
169
163
345
162
498
42
1165
114
1121
1163
799
29
205
233
859
154
754
1061
278
662
1235
1116
921
507
593
685
331
297
1120
949
480
155
149
148
146
145
1132
1240
352
143
139
99
105
889
1096
131
108
646
125
119
118
575
117
491
323
611
860
24
1004
106
32
1174
1259
96
779
1033
1271
733
21
1155
630
937
762
698
127
405
511
978
1214
299
358
1009
213
1108
440
371
1201
53
998
963
287
554
94
93
854
10
86
448
867
793
1113
1170
1074
85
960
81
153
401
764
296
565
387
291
80
79
497
426
89
74
1346
1343
870
803
151
697
1341
993
1124
1099
199
402
56
1128
73
72
69
66
63
634
61
1306
1041
526
976
1018
1342
1029
516
374
783
861
527
849
894
665
60
58
57
54
52
656
50
49
935
196
303
19
332
1354
464
404
195
707
1270
428
1320
624
506
691
693
432
918
1142
416
218
184
1181
806
767
237
1249
1039
1062
110
505
116
567
672
645
459
437
463
1315
44
216
690
113
1281
822
293
1086
1183
111
994
1020
447
489
996
35
392
666
534
158
232
597
1161
276
1069
1160
427
1003
724
420
120
1331
458
138
1366
618
1336
408
1125
563
1290
862
1048
1047
235
415
142
595
255
1027
1359
496
208
1080
102
1145
1355
307
590
1291
1159
957
538
283
760
649
1153
552
281
663
509
726
101
302
1005
1092
1257
1204
983
353
1162
1150
1274
1197
229
41
369
1278
1335
1296
1064
1209
301
906
357
735
31
28
25
51
22
1303
943
1090
1065
1013
88
443
858
1297
209
562
1273
424
136
908
561
842
23
165
647
1075
594
439
659
1006
251
172
855
191
901
740
1229
379
312
377
1347
797
1094
433
219
1098
1112
180
64
376
995
123
1351
729
356
1215
827
600
944
615
945
1313
482
277
716
444
394
18
541
1014
14
13
969
12
9
5
435
1360
1179
1100
450
77
400
144
1328
126
157
474
1147
289
794
1207
925
254
987
188
1349
198
107
790
771
40
825
1122
1193
556
919
465
11
709
451
90
982
84
1365
413
809
614
836
399
1195
1307
519
975
472
609
1196
1001
1322
62
344
430
365
45
905
878
535
1071
920
422
1337
931
650
1348
244
504
865
1070
473
1077
318
990
271
837
1043
533
317
141
1247
927
359
124
817
1082
1222
250
1266
655
1067
1059
956
1298
1217
668
234
1264
190
781
682
487
950
2
168
696
985
808
992
1245
441
248
866
337
1051
871
897
222
537
1022
160
959
386
640
15
1216
383
1138
939
965
1338
200
253
1087
1105
1115
1024
856
989
264
1212
804
839
776
512
832
623
893
670
513
596
212
815
462
964
466
1184
521
604
915
1026
263
768
1185
1152
1010
1269
991
750
589
483
748
1295
558
361
971
1149
1157
130
652
671
257
763
1178
778
129
585
880
1073
1057
821
308
892
273
1324
1036
1287
421
230
363
700
934
902
300
364
122
774
67
503
3
1066
605
98
225
26
1085
922
540
885
221
932
152
488
1220
1110
1060
286
268
872
82
91
1079
792
