1369
1367
1364
1357
1353
1350
1344
1340
1334
1327
1325
1323
1319
1318
1317
1314
1312
1311
1308
1301
1300
1294
1292
1288
1284
1282
1280
1279
1275
1262
1261
1256
1254
1252
1251
1248
1246
1242
1239
1237
1329
1233
1230
1228
1227
1226
1221
1219
1213
1210
1243
1299
1208
1206
1205
1203
1202
1200
1194
1192
1190
1188
1187
1186
1172
1171
1168
1167
1164
1154
1144
1136
1133
1131
1129
1123
1119
1118
1111
1107
1106
1104
1095
1109
1093
1091
1083
1072
1068
1267
1056
1368
1055
1250
1054
1050
1148
1049
1046
1040
1034
1031
1030
1028
1019
1016
1008
1002
1000
999
988
981
1231
980
1276
974
973
968
958
955
953
948
947
941
936
933
929
923
916
914
1321
912
911
1198
907
1244
967
904
903
899
895
890
888
886
1103
884
883
881
879
877
917
876
874
868
864
857
853
852
848
847
845
844
840
838
835
834
829
828
824
818
807
802
801
800
898
798
796
791
788
787
785
784
777
773
772
770
769
766
758
756
753
751
749
747
746
744
742
1358
1263
739
737
736
734
731
722
721
718
717
714
712
708
706
705
703
702
701
694
692
689
686
683
681
680
679
677
675
1361
1223
674
805
673
660
658
653
643
639
638
636
632
1173
629
628
627
625
621
619
641
1076
1007
613
612
1137
1272
610
667
951
603
601
599
598
592
591
588
587
1180
580
578
1236
1045
648
577
576
574
572
570
566
814
560
559
557
555
581
553
644
550
544
1135
543
1156
539
532
531
1139
530
525
759
523
520
515
510
508
502
501
500
514
499
495
616
946
579
494
676
728
1286
486
1191
1339
484
479
826
1356
1218
478
477
476
475
471
470
468
669
467
461
460
457
453
452
819
449
446
445
442
438
546
485
436
1143
431
429
425
423
417
414
1330
1363
412
1345
928
820
411
780
1362
1058
979
1117
409
406
398
397
391
390
704
389
388
952
385
384
381
380
1268
938
378
375
373
368
1199
517
986
367
366
360
354
841
583
1042
1260
351
1063
350
1089
743
349
348
347
755
346
343
582
813
1141
341
1097
342
850
684
340
339
336
1283
1025
1310
335
334
333
1032
329
633
524
1088
327
738
326
325
322
321
313
309
810
1126
304
298
295
294
292
290
285
284
280
548
279
274
407
270
269
573
1304
1305
891
568
635
1084
651
1146
1332
1127
782
469
1224
267
266
265
1134
664
305
455
710
362
262
260
258
1053
608
256
328
252
249
962
247
246
245
984
243
607
242
1011
727
1158
241
240
311
711
238
637
723
236
1225
228
227
226
846
288
1166
418
224
223
220
217
214
403
1140
1038
1211
1255
765
211
454
210
207
924
1081
206
204
203
732
239
547
1021
887
564
631
811
875
1175
282
1015
1265
1078
1023
654
201
197
194
193
192
189
187
843
186
1151
185
183
181
584
179
259
882
372
355
1189
1044
202
657
182
178
966
176
1293
823
175
174
1101
1102
1333
545
642
542
695
720
622
687
522
812
571
173
171
170
930
169
167
166
164
626
163
345
162
480
1163
799
859
205
233
498
1121
161
156
155
154
754
1116
921
593
331
685
507
150
382
972
149
148
146
145
1240
352
1132
143
139
1096
889
135
134
133
900
549
393
261
1309
132
131
125
121
1052
830
1182
119
118
575
117
323
611
860
491
115
112
109
108
646
106
103
100
99
105
97
940
688
275
997
96
1033
554
1271
733
779
95
873
319
94
93
854
92
1114
851
1253
87
86
448
1170
1074
867
1113
793
85
960
81
153
296
291
387
565
401
764
80
79
89
497
426
78
1241
76
370
410
75
713
74
1346
73
72
71
70
69
68
83
1343
66
65
816
320
330
741
786
324
586
147
961
316
1232
1277
63
634
61
60
59
1302
757
58
57
55
863
315
752
314
306
215
231
338
54
52
656
50
49
935
218
184
1181
806
237
767
1249
1315
1039
672
645
459
437
505
1062
110
463
48
47
977
1012
492
831
434
869
789
617
719
481
46
44
216
1281
822
293
1086
235
142
595
1027
1359
496
208
255
1047
862
1183
1331
458
138
408
1125
1366
563
1290
111
994
1020
1160
427
1003
420
724
447
392
666
232
1161
276
1069
597
690
113
43
42
1165
114
39
38
37
36
159
34
297
1120
949
1037
1258
970
33
32
1174
618
1336
1259
534
158
31
30
29
28
27
25
51
24
1004
22
21
1155
937
698
440
371
489
35
1201
53
998
963
415
1108
358
1009
213
127
299
405
1214
511
978
762
630
18
16
730
1061
278
1235
870
803
1128
151
56
993
1124
1080
402
1099
199
697
1341
662
287
14
13
969
12
9
8
761
536
7
196
19
195
707
416
1320
624
506
691
432
918
1142
1270
428
120
332
1354
464
404
303
6
1316
493
661
5
792
1001
264
1212
512
804
839
776
856
1322
1024
435
1360
1307
1196
519
472
609
975
1179
4
116
567
1
1289
1176
725
693
620
396
490
569
833
699
913
996
910
678
177
896
745
1130
926
1169
272
775
715
795
1306
1041
1018
1342
102
1145
301
906
357
735
516
374
894
665
783
861
527
849
1017
128
909
419
17
10
551
456
137
1352
395
1234
606
1029
1238
140
1177
1355
649
552
281
663
1209
1197
229
509
726
101
1274
302
1162
1150
1303
394
482
716
1100
809
836
399
1195
614
90
413
982
11
709
451
450
77
144
400
444
277
943
1090
944
615
945
1313
1065
136
561
842
600
908
1013
424
209
1273
562
88
1297
858
443
1092
1257
872
82
91
1079
1204
353
983
41
369
1278
1335
1296
1064
1115
1153
832
1060
286
268
307
590
760
1328
157
474
794
465
1207
925
987
188
623
488
1220
1085
152
922
540
221
932
885
893
596
1057
273
778
129
880
1073
821
308
892
1324
1036
1287
421
26
230
363
670
513
556
1349
198
1193
107
790
40
825
1122
771
919
1147
289
700
934
300
364
126
1291
1159
957
283
310
1035
23
254
902
518
602
942
528
104
529
1005
1326
954
20
526
976
62
344
905
337
1105
866
1051
386
640
939
965
200
1338
15
1216
1138
383
1022
160
959
871
878
248
535
897
537
212
815
1010
462
1184
521
604
1152
915
1026
768
1185
466
964
1269
748
589
483
991
750
1295
361
130
763
1178
652
257
671
971
1157
1149
558
222
1071
365
45
430
920
1337
441
931
650
1348
244
504
473
985
808
992
1245
1077
317
141
696
1247
927
359
2
168
124
1264
781
682
487
950
190
817
1082
234
668
318
533
990
271
837
865
422
1048
541
1014
538
1285
253
1087
0
165
356
647
729
1075
594
439
123
1070
659
989
1006
1347
376
1043
585
995
797
1112
180
64
1222
250
1266
1067
1059
1217
956
122
225
1298
655
84
1365
1094
433
1098
219
1110
172
855
1229
312
377
379
1215
827
774
67
98
503
3
1066
605
263
191
740
901
251
1351
